0.0 -0.9800453514739229
0.022675736961451247 -0.9600907029478458
0.045351473922902494 -0.9401360544217687
0.06802721088435375 -0.9201814058956916
0.09070294784580499 -0.9002267573696145
0.11337868480725624 -0.8802721088435375
0.1360544217687075 -0.8603174603174604
0.15873015873015872 -0.8403628117913832
0.18140589569160998 -0.8204081632653061
0.20408163265306123 -0.800453514739229
0.22675736961451248 -0.7804988662131519
0.2494331065759637 -0.7605442176870748
0.272108843537415 -0.7405895691609977
0.2947845804988662 -0.7206349206349206
0.31746031746031744 -0.7006802721088435
0.3401360544217687 -0.6807256235827663
0.36281179138321995 -0.6607709750566892
0.3854875283446712 -0.6408163265306122
0.40816326530612246 -0.6208616780045351
0.4308390022675737 -0.600907029478458
0.45351473922902497 -0.5809523809523808
0.47619047619047616 -0.5609977324263036
0.4988662131519274 -0.5410430839002265
0.5215419501133787 -0.5210884353741494
0.54421768707483 -0.5011337868480723
0.5668934240362812 -0.4811791383219951
0.5895691609977324 -0.461224489795918
0.6122448979591837 -0.4412698412698408
0.6349206349206349 -0.4213151927437637
0.6575963718820862 -0.40136054421768663
0.6802721088435374 -0.38140589569160943
0.7029478458049887 -0.36145124716553245
0.7256235827664399 -0.34149659863945536
0.7482993197278912 -0.32154195011337827
0.7709750566893424 -0.3015873015873012
0.7936507936507936 -0.2816326530612242
0.8163265306122449 -0.2616780045351471
0.8390022675736961 -0.24172335600907002
0.8616780045351474 -0.22176870748299304
0.8843537414965986 -0.20181405895691595
0.9070294784580499 -0.18185941043083886
0.9297052154195011 -0.16190476190476177
0.9523809523809523 -0.1419501133786848
0.9750566893424036 -0.1219954648526077
0.9977324263038548 -0.10204081632653061
1.0204081632653061 -0.08208616780045352
1.0430839002267573 -0.062131519274376545
1.0657596371882085 -0.042176870748299455
1.08843537414966 -0.022222222222222365
1.1111111111111112 -0.0022675736961453863
1.1337868480725624 0.017687074829931815
1.1564625850340136 0.03764172335600868
1.1791383219954648 0.05759637188208577
1.2018140589569162 0.07755102040816286
1.2244897959183674 0.09750566893423995
1.2471655328798186 0.11746031746031704
1.2698412698412698 0.13741496598639413
1.2925170068027212 0.15736961451247122
1.3151927437641724 0.1773242630385481
1.3378684807256236 0.19727891156462518
1.3605442176870748 0.21723356009070227
1.383219954648526 0.23718820861677936
1.4058956916099774 0.25714285714285645
1.4285714285714286 0.27709750566893354
1.4512471655328798 0.29705215419501063
1.473922902494331 0.31700680272108794
1.4965986394557824 0.33696145124716503
1.5192743764172336 0.35691609977324235
1.5419501133786848 0.37687074829931944
1.564625850340136 0.39682539682539675
1.5873015873015872 0.41678004535147384
1.6099773242630386 0.43673469387755115
1.6326530612244898 0.45668934240362824
1.655328798185941 0.47664399092970555
1.6780045351473922 0.49659863945578264
1.7006802721088434 0.51655328798186
1.7233560090702948 0.536507936507937
1.746031746031746 0.5564625850340144
1.7687074829931972 0.5764172335600914
1.7913832199546484 0.5963718820861688
1.8140589569160999 0.6163265306122458
1.836734693877551 0.6362811791383232
1.8594104308390023 0.6562358276644003
1.8820861678004535 0.6761904761904776
1.9047619047619047 0.6961451247165547
1.927437641723356 0.716099773242632
1.9501133786848073 0.736054421768709
1.9727891156462585 0.7560090702947864
1.9954648526077097 0.7759637188208635
2.018140589569161 0.7959183673469408
2.0408163265306123 0.8158730158730179
2.0634920634920637 0.8358276643990952
2.0861678004535147 0.8557823129251723
2.108843537414966 0.8757369614512496
2.131519274376417 0.8956916099773267
2.1541950113378685 0.915646258503404
2.17687074829932 0.9356009070294811
2.199546485260771 0.9555555555555584
2.2222222222222223 0.9755102040816355
2.2448979591836733 0.9954648526077128
2.2675736961451247 -0.9845804988662101
2.290249433106576 -0.9646258503401329
2.312925170068027 -0.9446712018140558
2.3356009070294785 -0.9247165532879787
2.3582766439909295 -0.9047619047619017
2.380952380952381 -0.8848072562358246
2.4036281179138324 -0.8648526077097475
2.4263038548752833 -0.8448979591836704
2.4489795918367347 -0.8249433106575933
2.4716553287981857 -0.8049886621315162
2.494331065759637 -0.7850340136054391
2.5170068027210886 -0.765079365079362
2.5396825396825395 -0.7451247165532848
2.562358276643991 -0.7251700680272077
2.5850340136054424 -0.7052154195011306
2.6077097505668934 -0.6852607709750536
2.630385487528345 -0.6653061224489765
2.6530612244897958 -0.6453514739228994
2.675736961451247 -0.6253968253968223
2.6984126984126986 -0.6054421768707451
2.7210884353741496 -0.585487528344668
2.743764172335601 -0.5655328798185908
2.766439909297052 -0.5455782312925137
2.7891156462585034 -0.5256235827664366
2.811791383219955 -0.5056689342403595
2.834467120181406 -0.4857142857142823
2.857142857142857 -0.46575963718820523
2.879818594104308 -0.44580498866212803
2.9024943310657596 -0.42585034013605094
2.925170068027211 -0.40589569160997385
2.947845804988662 -0.38594104308389665
2.9705215419501134 -0.36598639455781956
2.993197278911565 -0.34603174603174247
3.015873015873016 -0.3260770975056654
3.0385487528344672 -0.3061224489795884
3.061224489795918 -0.2861678004535113
3.0839002267573696 -0.2662131519274342
3.106575963718821 -0.24625850340135713
3.129251700680272 -0.22630385487528015
3.1519274376417235 -0.20634920634920306
3.1746031746031744 -0.18639455782312597
3.197278911564626 -0.166439909297049
3.2199546485260773 -0.1464852607709719
3.2426303854875282 -0.1265306122448948
3.2653061224489797 -0.10657596371881772
3.2879818594104306 -0.08662131519274074
3.310657596371882 -0.06666666666666365
3.3333333333333335 -0.046712018140586564
3.3560090702947845 -0.026757369614509585
3.378684807256236 -0.006802721088432495
3.401360544217687 0.013151927437644595
3.4240362811791383 0.033106575963721685
3.4467120181405897 0.053061224489798775
3.4693877551020407 0.07301587301587587
3.492063492063492 0.09297052154195273
3.5147392290249435 0.11292517006802982
3.5374149659863945 0.1328798185941069
3.560090702947846 0.152834467120184
3.582766439909297 0.1727891156462611
3.6054421768707483 0.19274376417233818
3.6281179138321997 0.21269841269841527
3.6507936507936507 0.23265306122449214
3.673469387755102 0.25260770975056923
3.696145124716553 0.2725623582766463
3.7188208616780045 0.2925170068027234
3.741496598639456 0.3124716553288007
3.764172335600907 0.3324263038548778
3.7868480725623583 0.3523809523809551
3.8095238095238093 0.3723356009070322
3.8321995464852607 0.39229024943310953
3.854875283446712 0.4122448979591866
3.877551020408163 0.43219954648526393
3.9002267573696145 0.452154195011341
3.922902494331066 0.47210884353741833
3.945578231292517 0.4920634920634954
3.9682539682539684 0.5120181405895727
3.9909297052154193 0.5319727891156498
4.01360544217687 0.5519274376417271
4.036281179138322 0.5718820861678042
4.058956916099773 0.5918367346938815
4.081632653061225 0.6117913832199586
4.104308390022676 0.6317460317460357
4.126984126984127 0.651700680272113
4.149659863945578 0.6716553287981901
4.172335600907029 0.6916099773242674
4.195011337868481 0.7115646258503445
4.217687074829932 0.7315192743764218
4.240362811791384 0.7514739229024989
4.263038548752834 0.7714285714285762
4.285714285714286 0.7913832199546533
4.308390022675737 0.8113378684807306
4.331065759637188 0.8312925170068077
4.35374149659864 0.851247165532885
4.37641723356009 0.8712018140589621
4.399092970521542 0.8911564625850394
4.421768707482993 0.9111111111111165
4.444444444444445 0.9310657596371938
4.467120181405896 0.9510204081632709
4.489795918367347 0.9709750566893482
4.512471655328798 0.9909297052154253
4.535147392290249 -0.9891156462584973
4.557823129251701 -0.9691609977324203
4.580498866213152 -0.9492063492063432
4.603174603174603 -0.9292517006802661
4.625850340136054 -0.909297052154189
4.648526077097506 -0.8893424036281119
4.671201814058957 -0.8693877551020348
4.6938775510204085 -0.8494331065759577
4.716553287981859 -0.8294784580498806
4.73922902494331 -0.8095238095238034
4.761904761904762 -0.7895691609977263
4.784580498866213 -0.7696145124716492
4.807256235827665 -0.7496598639455722
4.829931972789115 -0.7297052154194951
4.852607709750567 -0.709750566893418
4.875283446712018 -0.6897959183673409
4.8979591836734695 -0.6698412698412638
4.920634920634921 -0.6498866213151866
4.9433106575963714 -0.6299319727891095
4.965986394557823 -0.6099773242630324
4.988662131519274 -0.5900226757369553
5.011337868480726 -0.5700680272108781
5.034013605442177 -0.5501133786848009
5.0566893424036286 -0.5301587301587238
5.079365079365079 -0.5102040816326467
5.1020408163265305 -0.49024943310656965
5.124716553287982 -0.47029478458049245
5.147392290249433 -0.45034013605441536
5.170068027210885 -0.43038548752833816
5.192743764172335 -0.41043083900226107
5.215419501133787 -0.390476190476184
5.238095238095238 -0.3705215419501068
5.26077097505669 -0.3505668934240298
5.283446712018141 -0.3306122448979527
5.3061224489795915 -0.3106575963718756
5.328798185941043 -0.29070294784579853
5.351473922902494 -0.27074829931972155
5.374149659863946 -0.25079365079364446
5.396825396825397 -0.23083900226756737
5.419501133786848 -0.2108843537414904
5.442176870748299 -0.1909297052154133
5.464852607709751 -0.1709750566893362
5.487528344671202 -0.15102040816325912
5.510204081632653 -0.13106575963718214
5.532879818594104 -0.11111111111110505
5.555555555555555 -0.09115646258502796
5.578231292517007 -0.07120181405895099
5.600907029478458 -0.051247165532873895
5.62358276643991 -0.031292517006796805
5.64625850340136 -0.011337868480719715
5.668934240362812 0.008616780045357375
5.691609977324263 0.028571428571434465
5.714285714285714 0.04852607709751133
5.736961451247166 0.06848072562358842
5.759637188208616 0.08843537414966551
5.782312925170068 0.1083900226757426
5.804988662131519 0.1283446712018197
5.827664399092971 0.14829931972789678
5.850340136054422 0.16825396825397387
5.873015873015873 0.18820861678005074
5.895691609977324 0.20816326530612783
5.918367346938775 0.22811791383220492
5.941043083900227 0.248072562358282
5.963718820861678 0.2680272108843591
5.98639455782313 0.2879818594104362
6.00907029478458 0.3079365079365133
6.031746031746032 0.3278911564625906
6.054421768707483 0.3478458049886677
6.0770975056689345 0.367800453514745
6.099773242630386 0.3877551020408221
6.122448979591836 0.4077097505668994
6.145124716553288 0.4276643990929765
6.167800453514739 0.4476190476190538
6.190476190476191 0.4675736961451309
6.213151927437642 0.4875283446712082
6.235827664399093 0.5074829931972853
6.258503401360544 0.5274376417233626
6.2811791383219955 0.5473922902494397
6.303854875283447 0.567346938775517
6.326530612244898 0.5873015873015941
6.349206349206349 0.6072562358276714
6.3718820861678 0.6272108843537485
6.394557823129252 0.6471655328798258
6.417233560090703 0.6671201814059029
6.4399092970521545 0.6870748299319802
6.462585034013605 0.7070294784580573
6.4852607709750565 0.7269841269841346
6.507936507936508 0.7469387755102117
6.530612244897959 0.766893424036289
6.553287981859411 0.7868480725623661
6.575963718820861 0.8068027210884434
6.598639455782313 0.8267573696145205
6.621315192743764 0.8467120181405978
6.6439909297052155 0.8666666666666749
6.666666666666667 0.8866213151927522
6.6893424036281175 0.9065759637188293
6.712018140589569 0.9265306122449066
6.73469387755102 0.9464852607709837
6.757369614512472 0.966439909297061
6.780045351473923 0.9863945578231381
6.802721088435374 -0.9936507936507847
6.825396825396825 -0.9736961451247075
6.8480725623582765 -0.9537414965986304
6.870748299319728 -0.9337868480725533
6.893424036281179 -0.9138321995464762
6.916099773242631 -0.8938775510203991
6.938775510204081 -0.873922902494322
6.961451247165533 -0.8539682539682449
6.984126984126984 -0.8340136054421678
7.006802721088436 -0.8140589569160908
7.029478458049887 -0.7941043083900137
7.052154195011338 -0.7741496598639366
7.074829931972789 -0.7541950113378595
7.09750566893424 -0.7342403628117824
7.120181405895692 -0.7142857142857053
7.142857142857143 -0.6943310657596282
7.165532879818594 -0.6743764172335511
7.188208616780045 -0.6544217687074739
7.210884353741497 -0.6344671201813967
7.233560090702948 -0.6145124716553196
7.2562358276643995 -0.5945578231292425
7.27891156462585 -0.5746031746031655
7.301587301587301 -0.5546485260770883
7.324263038548753 -0.5346938775510112
7.346938775510204 -0.514739229024934
7.369614512471656 -0.4947845804988569
7.392290249433106 -0.4748299319727798
7.414965986394558 -0.4548752834467026
7.437641723356009 -0.4349206349206255
7.4603174603174605 -0.4149659863945484
7.482993197278912 -0.3950113378684712
7.505668934240362 -0.3750566893423941
7.528344671201814 -0.355102040816317
7.551020408163265 -0.33514739229023993
7.573696145124717 -0.31519274376416295
7.596371882086168 -0.29523809523808586
7.619047619047619 -0.2752834467120088
7.64172335600907 -0.2553287981859318
7.6643990929705215 -0.2353741496598547
7.687074829931973 -0.2154195011337776
7.709750566893424 -0.19546485260770052
7.732426303854876 -0.17551020408162354
7.755102040816326 -0.15555555555554645
7.777777777777778 -0.13560090702946936
7.800453514739229 -0.11564625850339227
7.8231292517006805 -0.0956916099773153
7.845804988662132 -0.0757369614512382
7.8684807256235825 -0.055782312925161115
7.891156462585034 -0.035827664399084136
7.913832199546485 -0.015873015873007046
7.936507936507937 0.004081632653069933
7.959183673469388 0.024036281179147023
7.981859410430839 0.04399092970522411
8.004535147392291 0.0639455782313012
8.02721088435374 0.0839002267573783
8.049886621315192 0.10385487528345538
8.072562358276643 0.12380952380953247
8.095238095238095 0.14376417233560934
8.117913832199546 0.16371882086168643
8.140589569160998 0.18367346938776352
8.16326530612245 0.2036281179138406
8.1859410430839 0.2235827664399177
8.208616780045352 0.2435374149659948
8.231292517006803 0.2634920634920719
8.253968253968255 0.28344671201814875
8.276643990929704 0.30340136054422606
8.299319727891156 0.32335600907030315
8.321995464852607 0.34331065759638046
8.344671201814059 0.36326530612245755
8.36734693877551 0.38321995464853487
8.390022675736962 0.40317460317461196
8.412698412698413 0.42312925170068927
8.435374149659864 0.44308390022676636
8.458049886621316 0.46303854875284367
8.480725623582767 0.48299319727892076
8.503401360544217 0.5029478458049981
8.526077097505668 0.5229024943310752
8.54875283446712 0.5428571428571525
8.571428571428571 0.5628117913832296
8.594104308390023 0.5827664399093069
8.616780045351474 0.602721088435384
8.639455782312925 0.6226757369614613
8.662131519274377 0.6426303854875384
8.684807256235828 0.6625850340136157
8.70748299319728 0.6825396825396928
8.73015873015873 0.7024943310657701
8.75283446712018 0.7224489795918472
8.775510204081632 0.7424036281179245
8.798185941043084 0.7623582766440016
8.820861678004535 0.7823129251700789
8.843537414965986 0.802267573696156
8.866213151927438 0.8222222222222333
8.88888888888889 0.8421768707483104
8.91156462585034 0.8621315192743877
8.934240362811792 0.8820861678004648
8.956916099773242 0.9020408163265421
8.979591836734693 0.9219954648526192
9.002267573696145 0.9419501133786965
9.024943310657596 0.9619047619047736
9.047619047619047 0.9818594104308509
9.070294784580499 -0.9981859410430719
9.09297052154195 -0.9782312925169948
9.115646258503402 -0.9582766439909177
9.138321995464853 -0.9383219954648406
9.160997732426305 -0.9183673469387635
9.183673469387756 -0.8984126984126865
9.206349206349206 -0.8784580498866094
9.229024943310657 -0.8585034013605323
9.251700680272108 -0.8385487528344551
9.27437641723356 -0.818594104308378
9.297052154195011 -0.7986394557823009
9.319727891156463 -0.7786848072562238
9.342403628117914 -0.7587301587301467
9.365079365079366 -0.7387755102040696
9.387755102040817 -0.7188208616779925
9.410430839002268 -0.6988662131519154
9.433106575963718 -0.6789115646258383
9.45578231292517 -0.6589569160997613
9.47845804988662 -0.6390022675736841
9.501133786848072 -0.6190476190476069
9.523809523809524 -0.5990929705215298
9.546485260770975 -0.5791383219954527
9.569160997732427 -0.5591836734693756
9.591836734693878 -0.5392290249432985
9.61451247165533 -0.5192743764172213
9.63718820861678 -0.4993197278911442
9.65986394557823 -0.479365079365067
9.682539682539682 -0.4594104308389899
9.705215419501133 -0.4394557823129127
9.727891156462585 -0.4195011337868356
9.750566893424036 -0.39954648526075853
9.773242630385488 -0.37959183673468133
9.795918367346939 -0.35963718820860435
9.81859410430839 -0.33968253968252726
9.841269841269842 -0.3197278911564502
9.863945578231293 -0.2997732426303732
9.886621315192743 -0.2798185941042961
9.909297052154194 -0.259863945578219
9.931972789115646 -0.23990929705214192
9.954648526077097 -0.21995464852606494
9.977324263038549 -0.19999999999998785
