0.0 1.0
0.022675736961451247 1.0
0.045351473922902494 1.0
0.06802721088435375 1.0
0.09070294784580499 1.0
0.11337868480725624 1.0
0.1360544217687075 1.0
0.15873015873015872 1.0
0.18140589569160998 1.0
0.20408163265306123 1.0
0.22675736961451248 1.0
0.2494331065759637 1.0
0.272108843537415 1.0
0.2947845804988662 1.0
0.31746031746031744 1.0
0.3401360544217687 -1.0
0.36281179138321995 -1.0
0.3854875283446712 -1.0
0.40816326530612246 -1.0
0.4308390022675737 -1.0
0.45351473922902497 -1.0
0.47619047619047616 -1.0
0.4988662131519274 -1.0
0.5215419501133787 -1.0
0.54421768707483 -1.0
0.5668934240362812 -1.0
0.5895691609977324 -1.0
0.6122448979591837 -1.0
0.6349206349206349 -1.0
0.6575963718820862 -1.0
0.6802721088435374 -1.0
0.7029478458049887 -1.0
0.7256235827664399 -1.0
0.7482993197278912 -1.0
0.7709750566893424 -1.0
0.7936507936507936 -1.0
0.8163265306122449 -1.0
0.8390022675736961 -1.0
0.8616780045351474 -1.0
0.8843537414965986 -1.0
0.9070294784580499 -1.0
0.9297052154195011 -1.0
0.9523809523809523 -1.0
0.9750566893424036 -1.0
0.9977324263038548 -1.0
1.0204081632653061 -1.0
1.0430839002267573 -1.0
1.0657596371882085 -1.0
1.08843537414966 -1.0
1.1111111111111112 -1.0
1.1337868480725624 -1.0
1.1564625850340136 -1.0
1.1791383219954648 -1.0
1.2018140589569162 -1.0
1.2244897959183674 -1.0
1.2471655328798186 -1.0
1.2698412698412698 -1.0
1.2925170068027212 -1.0
1.3151927437641724 -1.0
1.3378684807256236 -1.0
1.3605442176870748 -1.0
1.383219954648526 -1.0
1.4058956916099774 -1.0
1.4285714285714286 -1.0
1.4512471655328798 -1.0
1.473922902494331 -1.0
1.4965986394557824 -1.0
1.5192743764172336 -1.0
1.5419501133786848 -1.0
1.564625850340136 -1.0
1.5873015873015872 -1.0
1.6099773242630386 -1.0
1.6326530612244898 -1.0
1.655328798185941 -1.0
1.6780045351473922 -1.0
1.7006802721088434 -1.0
1.7233560090702948 -1.0
1.746031746031746 -1.0
1.7687074829931972 -1.0
1.7913832199546484 -1.0
1.8140589569160999 -1.0
1.836734693877551 -1.0
1.8594104308390023 -1.0
1.8820861678004535 -1.0
1.9047619047619047 -1.0
1.927437641723356 -1.0
1.9501133786848073 -1.0
1.9727891156462585 -1.0
1.9954648526077097 -1.0
2.018140589569161 -1.0
2.0408163265306123 -1.0
2.0634920634920637 -1.0
2.0861678004535147 -1.0
2.108843537414966 -1.0
2.131519274376417 -1.0
2.1541950113378685 -1.0
2.17687074829932 -1.0
2.199546485260771 -1.0
2.2222222222222223 -1.0
2.2448979591836733 -1.0
2.2675736961451247 1.0
2.290249433106576 1.0
2.312925170068027 1.0
2.3356009070294785 1.0
2.3582766439909295 1.0
2.380952380952381 1.0
2.4036281179138324 1.0
2.4263038548752833 1.0
2.4489795918367347 1.0
2.4716553287981857 1.0
2.494331065759637 1.0
2.5170068027210886 1.0
2.5396825396825395 1.0
2.562358276643991 1.0
2.5850340136054424 1.0
2.6077097505668934 -1.0
2.630385487528345 -1.0
2.6530612244897958 -1.0
2.675736961451247 -1.0
2.6984126984126986 -1.0
2.7210884353741496 -1.0
2.743764172335601 -1.0
2.766439909297052 -1.0
2.7891156462585034 -1.0
2.811791383219955 -1.0
2.834467120181406 -1.0
2.857142857142857 -1.0
2.879818594104308 -1.0
2.9024943310657596 -1.0
2.925170068027211 -1.0
2.947845804988662 -1.0
2.9705215419501134 -1.0
2.993197278911565 -1.0
3.015873015873016 -1.0
3.0385487528344672 -1.0
3.061224489795918 -1.0
3.0839002267573696 -1.0
3.106575963718821 -1.0
3.129251700680272 -1.0
3.1519274376417235 -1.0
3.1746031746031744 -1.0
3.197278911564626 -1.0
3.2199546485260773 -1.0
3.2426303854875282 -1.0
3.2653061224489797 -1.0
3.2879818594104306 -1.0
3.310657596371882 -1.0
3.3333333333333335 -1.0
3.3560090702947845 -1.0
3.378684807256236 -1.0
3.401360544217687 -1.0
3.4240362811791383 -1.0
3.4467120181405897 -1.0
3.4693877551020407 -1.0
3.492063492063492 -1.0
3.5147392290249435 -1.0
3.5374149659863945 -1.0
3.560090702947846 -1.0
3.582766439909297 -1.0
3.6054421768707483 -1.0
3.6281179138321997 -1.0
3.6507936507936507 -1.0
3.673469387755102 -1.0
3.696145124716553 -1.0
3.7188208616780045 -1.0
3.741496598639456 -1.0
3.764172335600907 -1.0
3.7868480725623583 -1.0
3.8095238095238093 -1.0
3.8321995464852607 -1.0
3.854875283446712 -1.0
3.877551020408163 -1.0
3.9002267573696145 -1.0
3.922902494331066 -1.0
3.945578231292517 -1.0
3.9682539682539684 -1.0
3.9909297052154193 -1.0
4.01360544217687 -1.0
4.036281179138322 -1.0
4.058956916099773 -1.0
4.081632653061225 -1.0
4.104308390022676 -1.0
4.126984126984127 -1.0
4.149659863945578 -1.0
4.172335600907029 -1.0
4.195011337868481 -1.0
4.217687074829932 -1.0
4.240362811791384 -1.0
4.263038548752834 -1.0
4.285714285714286 -1.0
4.308390022675737 -1.0
4.331065759637188 -1.0
4.35374149659864 -1.0
4.37641723356009 -1.0
4.399092970521542 -1.0
4.421768707482993 -1.0
4.444444444444445 -1.0
4.467120181405896 -1.0
4.489795918367347 -1.0
4.512471655328798 -1.0
4.535147392290249 1.0
4.557823129251701 1.0
4.580498866213152 1.0
4.603174603174603 1.0
4.625850340136054 1.0
4.648526077097506 1.0
4.671201814058957 1.0
4.6938775510204085 1.0
4.716553287981859 1.0
4.73922902494331 1.0
4.761904761904762 1.0
4.784580498866213 1.0
4.807256235827665 1.0
4.829931972789115 1.0
4.852607709750567 1.0
4.875283446712018 -1.0
4.8979591836734695 -1.0
4.920634920634921 -1.0
4.9433106575963714 -1.0
4.965986394557823 -1.0
4.988662131519274 -1.0
5.011337868480726 -1.0
5.034013605442177 -1.0
5.0566893424036286 -1.0
5.079365079365079 -1.0
5.1020408163265305 -1.0
5.124716553287982 -1.0
5.147392290249433 -1.0
5.170068027210885 -1.0
5.192743764172335 -1.0
5.215419501133787 -1.0
5.238095238095238 -1.0
5.26077097505669 -1.0
5.283446712018141 -1.0
5.3061224489795915 -1.0
5.328798185941043 -1.0
5.351473922902494 -1.0
5.374149659863946 -1.0
5.396825396825397 -1.0
5.419501133786848 -1.0
5.442176870748299 -1.0
5.464852607709751 -1.0
5.487528344671202 -1.0
5.510204081632653 -1.0
5.532879818594104 -1.0
5.555555555555555 -1.0
5.578231292517007 -1.0
5.600907029478458 -1.0
5.62358276643991 -1.0
5.64625850340136 -1.0
5.668934240362812 -1.0
5.691609977324263 -1.0
5.714285714285714 -1.0
5.736961451247166 -1.0
5.759637188208616 -1.0
5.782312925170068 -1.0
5.804988662131519 -1.0
5.827664399092971 -1.0
5.850340136054422 -1.0
5.873015873015873 -1.0
5.895691609977324 -1.0
5.918367346938775 -1.0
5.941043083900227 -1.0
5.963718820861678 -1.0
5.98639455782313 -1.0
6.00907029478458 -1.0
6.031746031746032 -1.0
6.054421768707483 -1.0
6.0770975056689345 -1.0
6.099773242630386 -1.0
6.122448979591836 -1.0
6.145124716553288 -1.0
6.167800453514739 -1.0
6.190476190476191 -1.0
6.213151927437642 -1.0
6.235827664399093 -1.0
6.258503401360544 -1.0
6.2811791383219955 -1.0
6.303854875283447 -1.0
6.326530612244898 -1.0
6.349206349206349 -1.0
6.3718820861678 -1.0
6.394557823129252 -1.0
6.417233560090703 -1.0
6.4399092970521545 -1.0
6.462585034013605 -1.0
6.4852607709750565 -1.0
6.507936507936508 -1.0
6.530612244897959 -1.0
6.553287981859411 -1.0
6.575963718820861 -1.0
6.598639455782313 -1.0
6.621315192743764 -1.0
6.6439909297052155 -1.0
6.666666666666667 -1.0
6.6893424036281175 -1.0
6.712018140589569 -1.0
6.73469387755102 -1.0
6.757369614512472 -1.0
6.780045351473923 -1.0
6.802721088435374 1.0
6.825396825396825 1.0
6.8480725623582765 1.0
6.870748299319728 1.0
6.893424036281179 1.0
6.916099773242631 1.0
6.938775510204081 1.0
6.961451247165533 1.0
6.984126984126984 1.0
7.006802721088436 1.0
7.029478458049887 1.0
7.052154195011338 1.0
7.074829931972789 1.0
7.09750566893424 1.0
7.120181405895692 1.0
7.142857142857143 -1.0
7.165532879818594 -1.0
7.188208616780045 -1.0
7.210884353741497 -1.0
7.233560090702948 -1.0
7.2562358276643995 -1.0
7.27891156462585 -1.0
7.301587301587301 -1.0
7.324263038548753 -1.0
7.346938775510204 -1.0
7.369614512471656 -1.0
7.392290249433106 -1.0
7.414965986394558 -1.0
7.437641723356009 -1.0
7.4603174603174605 -1.0
7.482993197278912 -1.0
7.505668934240362 -1.0
7.528344671201814 -1.0
7.551020408163265 -1.0
7.573696145124717 -1.0
7.596371882086168 -1.0
7.619047619047619 -1.0
7.64172335600907 -1.0
7.6643990929705215 -1.0
7.687074829931973 -1.0
7.709750566893424 -1.0
7.732426303854876 -1.0
7.755102040816326 -1.0
7.777777777777778 -1.0
7.800453514739229 -1.0
7.8231292517006805 -1.0
7.845804988662132 -1.0
7.8684807256235825 -1.0
7.891156462585034 -1.0
7.913832199546485 -1.0
7.936507936507937 -1.0
7.959183673469388 -1.0
7.981859410430839 -1.0
8.004535147392291 -1.0
8.02721088435374 -1.0
8.049886621315192 -1.0
8.072562358276643 -1.0
8.095238095238095 -1.0
8.117913832199546 -1.0
8.140589569160998 -1.0
8.16326530612245 -1.0
8.1859410430839 -1.0
8.208616780045352 -1.0
8.231292517006803 -1.0
8.253968253968255 -1.0
8.276643990929704 -1.0
8.299319727891156 -1.0
8.321995464852607 -1.0
8.344671201814059 -1.0
8.36734693877551 -1.0
8.390022675736962 -1.0
8.412698412698413 -1.0
8.435374149659864 -1.0
8.458049886621316 -1.0
8.480725623582767 -1.0
8.503401360544217 -1.0
8.526077097505668 -1.0
8.54875283446712 -1.0
8.571428571428571 -1.0
8.594104308390023 -1.0
8.616780045351474 -1.0
8.639455782312925 -1.0
8.662131519274377 -1.0
8.684807256235828 -1.0
8.70748299319728 -1.0
8.73015873015873 -1.0
8.75283446712018 -1.0
8.775510204081632 -1.0
8.798185941043084 -1.0
8.820861678004535 -1.0
8.843537414965986 -1.0
8.866213151927438 -1.0
8.88888888888889 -1.0
8.91156462585034 -1.0
8.934240362811792 -1.0
8.956916099773242 -1.0
8.979591836734693 -1.0
9.002267573696145 -1.0
9.024943310657596 -1.0
9.047619047619047 -1.0
9.070294784580499 1.0
9.09297052154195 1.0
9.115646258503402 1.0
9.138321995464853 1.0
9.160997732426305 1.0
9.183673469387756 1.0
9.206349206349206 1.0
9.229024943310657 1.0
9.251700680272108 1.0
9.27437641723356 1.0
9.297052154195011 1.0
9.319727891156463 1.0
9.342403628117914 1.0
9.365079365079366 1.0
9.387755102040817 1.0
9.410430839002268 -1.0
9.433106575963718 -1.0
9.45578231292517 -1.0
9.47845804988662 -1.0
9.501133786848072 -1.0
9.523809523809524 -1.0
9.546485260770975 -1.0
9.569160997732427 -1.0
9.591836734693878 -1.0
9.61451247165533 -1.0
9.63718820861678 -1.0
9.65986394557823 -1.0
9.682539682539682 -1.0
9.705215419501133 -1.0
9.727891156462585 -1.0
9.750566893424036 -1.0
9.773242630385488 -1.0
9.795918367346939 -1.0
9.81859410430839 -1.0
9.841269841269842 -1.0
9.863945578231293 -1.0
9.886621315192743 -1.0
9.909297052154194 -1.0
9.931972789115646 -1.0
9.954648526077097 -1.0
9.977324263038549 -1.0
