0.0 0.7640816326530613
0.022675736961451247 0.7281632653061225
0.045351473922902494 0.6922448979591838
0.06802721088435375 0.656326530612245
0.09070294784580499 0.6204081632653061
0.11337868480725624 0.5844897959183674
0.1360544217687075 0.5485714285714286
0.15873015873015872 0.5126530612244898
0.18140589569160998 0.476734693877551
0.20408163265306123 0.44081632653061226
0.22675736961451248 0.4048979591836735
0.2494331065759637 0.36897959183673473
0.272108843537415 0.33306122448979597
0.2947845804988662 0.29714285714285715
0.31746031746031744 0.2612244897959184
0.3401360544217687 0.22530612244897963
0.36281179138321995 0.18938775510204076
0.3854875283446712 0.15346938775510188
0.40816326530612246 0.11755102040816312
0.4308390022675737 0.08163265306122425
0.45351473922902497 0.045714285714285374
0.47619047619047616 0.009795918367346612
0.4988662131519274 -0.02612244897959226
0.5215419501133787 -0.062040816326531134
0.54421768707483 -0.0979591836734699
0.5668934240362812 -0.13387755102040877
0.5895691609977324 -0.16979591836734764
0.6122448979591837 -0.2057142857142864
0.6349206349206349 -0.24163265306122517
0.6575963718820862 -0.27755102040816415
0.6802721088435374 -0.3134693877551029
0.7029478458049887 -0.3493877551020417
0.7256235827664399 -0.38530612244898044
0.7482993197278912 -0.421224489795919
0.7709750566893424 -0.45714285714285774
0.7936507936507936 -0.4930612244897965
0.8163265306122449 -0.5289795918367353
0.8390022675736961 -0.5648979591836738
0.8616780045351474 -0.6008163265306126
0.8843537414965986 -0.6367346938775513
0.9070294784580499 -0.6726530612244901
0.9297052154195011 -0.7085714285714286
0.9523809523809523 -0.7444897959183674
0.9750566893424036 -0.7804081632653062
0.9977324263038548 -0.8163265306122449
1.0204081632653061 -0.8522448979591835
1.0430839002267573 -0.8881632653061222
1.0657596371882085 -0.924081632653061
1.08843537414966 -0.9599999999999997
1.1111111111111112 -0.9959183673469383
1.1337868480725624 -0.9646258503401366
1.1564625850340136 -0.9247165532879824
1.1791383219954648 -0.8848072562358283
1.2018140589569162 -0.8448979591836742
1.2244897959183674 -0.8049886621315201
1.2471655328798186 -0.7650793650793659
1.2698412698412698 -0.7251700680272118
1.2925170068027212 -0.6852607709750578
1.3151927437641724 -0.6453514739229036
1.3378684807256236 -0.6054421768707494
1.3605442176870748 -0.5655328798185953
1.383219954648526 -0.5256235827664413
1.4058956916099774 -0.4857142857142871
1.4285714285714286 -0.44580498866213303
1.4512471655328798 -0.4058956916099786
1.473922902494331 -0.3659863945578242
1.4965986394557824 -0.3260770975056698
1.5192743764172336 -0.2861678004535154
1.5419501133786848 -0.24625850340136102
1.564625850340136 -0.20634920634920662
1.5873015873015872 -0.1664399092970522
1.6099773242630386 -0.1265306122448978
1.6326530612244898 -0.08662131519274341
1.655328798185941 -0.04671201814058901
1.6780045351473922 -0.0068027210884346045
1.7006802721088434 0.03310657596371991
1.7233560090702948 0.07301587301587431
1.746031746031746 0.11292517006802871
1.7687074829931972 0.15283446712018312
1.7913832199546484 0.19274376417233752
1.8140589569160999 0.23265306122449192
1.836734693877551 0.2725623582766463
1.8594104308390023 0.3124716553288007
1.8820861678004535 0.3523809523809551
1.9047619047619047 0.39229024943310953
1.927437641723356 0.43219954648526393
1.9501133786848073 0.47210884353741833
1.9727891156462585 0.5120181405895727
1.9954648526077097 0.5519274376417271
2.018140589569161 0.5918367346938815
2.0408163265306123 0.6317460317460359
2.0634920634920637 0.6716553287981903
2.0861678004535147 0.7115646258503447
2.108843537414966 0.7514739229024991
2.131519274376417 0.7913832199546535
2.1541950113378685 0.831292517006808
2.17687074829932 0.8712018140589624
2.199546485260771 0.9111111111111168
2.2222222222222223 0.9510204081632712
2.2448979591836733 0.9909297052154256
2.2675736961451247 0.7722448979591782
2.290249433106576 0.7363265306122394
2.312925170068027 0.7004081632653006
2.3356009070294785 0.6644897959183619
2.3582766439909295 0.628571428571423
2.380952380952381 0.5926530612244842
2.4036281179138324 0.5567346938775455
2.4263038548752833 0.5208163265306067
2.4489795918367347 0.48489795918366796
2.4716553287981857 0.4489795918367292
2.494331065759637 0.41306122448979044
2.5170068027210886 0.3771428571428516
2.5396825396825395 0.34122448979591286
2.562358276643991 0.3053061224489741
2.5850340136054424 0.2693877551020354
2.6077097505668934 0.2334693877550965
2.630385487528345 0.19755102040815775
2.6530612244897958 0.16163265306121888
2.675736961451247 0.12571428571428
2.6984126984126986 0.08979591836734124
2.7210884353741496 0.05387755102040237
2.743764172335601 0.017959183673463608
2.766439909297052 -0.017959183673475265
2.7891156462585034 -0.05387755102041414
2.811791383219955 -0.0897959183673529
2.834467120181406 -0.12571428571429177
2.857142857142857 -0.16163265306123065
2.879818594104308 -0.1975510204081694
2.9024943310657596 -0.2334693877551084
2.925170068027211 -0.26938775510204716
2.947845804988662 -0.3053061224489859
2.9705215419501134 -0.3412244897959247
2.993197278911565 -0.37714285714286344
3.015873015873016 -0.4130612244898022
3.0385487528344672 -0.44897959183674097
3.061224489795918 -0.4848979591836795
3.0839002267573696 -0.5208163265306183
3.106575963718821 -0.556734693877557
3.129251700680272 -0.5926530612244958
3.1519274376417235 -0.6285714285714343
3.1746031746031744 -0.6644897959183731
3.197278911564626 -0.7004081632653119
3.2199546485260773 -0.7363265306122506
3.2426303854875282 -0.7722448979591892
3.2653061224489797 -0.8081632653061279
3.2879818594104306 -0.8440816326530667
3.310657596371882 -0.8800000000000054
3.3333333333333335 -0.9159183673469442
3.3560090702947845 -0.9518367346938827
3.378684807256236 -0.9877551020408215
3.401360544217687 -0.9736961451247108
3.4240362811791383 -0.9337868480725567
3.4467120181405897 -0.8938775510204026
3.4693877551020407 -0.8539682539682485
3.492063492063492 -0.8140589569160943
3.5147392290249435 -0.7741496598639402
3.5374149659863945 -0.7342403628117862
3.560090702947846 -0.694331065759632
3.582766439909297 -0.6544217687074778
3.6054421768707483 -0.6145124716553237
3.6281179138321997 -0.5746031746031697
3.6507936507936507 -0.5346938775510155
3.673469387755102 -0.4947845804988614
3.696145124716553 -0.45487528344670725
3.7188208616780045 -0.4149659863945532
3.741496598639456 -0.3750566893423988
3.764172335600907 -0.3351473922902444
3.7868480725623583 -0.29523809523808997
3.8095238095238093 -0.25532879818593557
3.8321995464852607 -0.21541950113378117
3.854875283446712 -0.17551020408162676
3.877551020408163 -0.13560090702947236
3.9002267573696145 -0.09569160997731796
3.922902494331066 -0.05578231292516356
3.945578231292517 -0.015873015873009155
3.9682539682539684 0.024036281179145247
3.9909297052154193 0.06394557823129965
4.01360544217687 0.10385487528345405
4.036281179138322 0.14376417233560845
4.058956916099773 0.18367346938776286
4.081632653061225 0.22358276643991726
4.104308390022676 0.26349206349207166
4.126984126984127 0.30340136054422606
4.149659863945578 0.34331065759638046
4.172335600907029 0.38321995464853487
4.195011337868481 0.42312925170068927
4.217687074829932 0.46303854875284367
4.240362811791384 0.5029478458049981
4.263038548752834 0.5428571428571525
4.285714285714286 0.5827664399093069
4.308390022675737 0.6226757369614613
4.331065759637188 0.6625850340136157
4.35374149659864 0.7024943310657701
4.37641723356009 0.7424036281179245
4.399092970521542 0.7823129251700789
4.421768707482993 0.8222222222222333
4.444444444444445 0.8621315192743877
4.467120181405896 0.9020408163265421
4.489795918367347 0.9419501133786965
4.512471655328798 0.9818594104308509
4.535147392290249 0.7804081632652953
4.557823129251701 0.7444897959183565
4.580498866213152 0.7085714285714177
4.603174603174603 0.672653061224479
4.625850340136054 0.6367346938775402
4.648526077097506 0.6008163265306015
4.671201814058957 0.5648979591836626
4.6938775510204085 0.5289795918367239
4.716553287981859 0.49306122448978507
4.73922902494331 0.4571428571428463
4.761904761904762 0.42122448979590754
4.784580498866213 0.3853061224489687
4.807256235827665 0.34938775510202996
4.829931972789115 0.3134693877550912
4.852607709750567 0.2775510204081524
4.875283446712018 0.24163265306121362
4.8979591836734695 0.20571428571427486
4.920634920634921 0.16979591836733599
4.9433106575963714 0.1338775510203971
4.965986394557823 0.09795918367345835
4.988662131519274 0.06204081632651948
5.011337868480726 0.026122448979580604
5.034013605442177 -0.009795918367358158
5.0566893424036286 -0.04571428571429703
5.079365079365079 -0.0816326530612358
5.1020408163265305 -0.11755102040817467
5.124716553287982 -0.15346938775511354
5.147392290249433 -0.1893877551020523
5.170068027210885 -0.22530612244899118
5.192743764172335 -0.26122448979592994
5.215419501133787 -0.2971428571428689
5.238095238095238 -0.3330612244898077
5.26077097505669 -0.36897959183674645
5.283446712018141 -0.4048979591836852
5.3061224489795915 -0.44081632653062375
5.328798185941043 -0.4767346938775625
5.351473922902494 -0.5126530612245013
5.374149659863946 -0.54857142857144
5.396825396825397 -0.5844897959183786
5.419501133786848 -0.6204081632653173
5.442176870748299 -0.6563265306122561
5.464852607709751 -0.6922448979591949
5.487528344671202 -0.7281632653061334
5.510204081632653 -0.7640816326530722
5.532879818594104 -0.8000000000000109
5.555555555555555 -0.8359183673469497
5.578231292517007 -0.8718367346938882
5.600907029478458 -0.907755102040827
5.62358276643991 -0.9436734693877658
5.64625850340136 -0.9795918367347045
5.668934240362812 -0.9827664399092854
5.691609977324263 -0.9428571428571313
5.714285714285714 -0.9029478458049771
5.736961451247166 -0.863038548752823
5.759637188208616 -0.823129251700669
5.782312925170068 -0.7832199546485148
5.804988662131519 -0.7433106575963606
5.827664399092971 -0.7034013605442065
5.850340136054422 -0.6634920634920525
5.873015873015873 -0.6235827664398983
5.895691609977324 -0.5836734693877441
5.918367346938775 -0.54376417233559
5.941043083900227 -0.503854875283436
5.963718820861678 -0.4639455782312818
5.98639455782313 -0.4240362811791277
6.00907029478458 -0.3841269841269733
6.031746031746032 -0.3442176870748189
6.054421768707483 -0.3043083900226645
6.0770975056689345 -0.2643990929705101
6.099773242630386 -0.22448979591835572
6.122448979591836 -0.18458049886620131
6.145124716553288 -0.1446712018140469
6.167800453514739 -0.10476190476189251
6.190476190476191 -0.06485260770973811
6.213151927437642 -0.024943310657583706
6.235827664399093 0.014965986394570807
6.258503401360544 0.05487528344672521
6.2811791383219955 0.09478458049887961
6.303854875283447 0.134693877551034
6.326530612244898 0.17460317460318842
6.349206349206349 0.21451247165534282
6.3718820861678 0.2544217687074972
6.394557823129252 0.2943310657596516
6.417233560090703 0.334240362811806
6.4399092970521545 0.3741496598639604
6.462585034013605 0.41405895691611483
6.4852607709750565 0.45396825396826923
6.507936507936508 0.49387755102042363
6.530612244897959 0.533786848072578
6.553287981859411 0.5736961451247324
6.575963718820861 0.6136054421768868
6.598639455782313 0.6535147392290412
6.621315192743764 0.6934240362811956
6.6439909297052155 0.73333333333335
6.666666666666667 0.7732426303855044
6.6893424036281175 0.8131519274376589
6.712018140589569 0.8530612244898133
6.73469387755102 0.8929705215419677
6.757369614512472 0.9328798185941221
6.780045351473923 0.9727891156462765
6.802721088435374 0.7885714285714124
6.825396825396825 0.7526530612244736
6.8480725623582765 0.7167346938775349
6.870748299319728 0.680816326530596
6.893424036281179 0.6448979591836572
6.916099773242631 0.6089795918367185
6.938775510204081 0.5730612244897797
6.961451247165533 0.5371428571428409
6.984126984126984 0.5012244897959022
7.006802721088436 0.4653061224489634
7.029478458049887 0.4293877551020246
7.052154195011338 0.39346938775508583
7.074829931972789 0.35755102040814707
7.09750566893424 0.3216326530612083
7.120181405895692 0.2857142857142695
7.142857142857143 0.24979591836733073
7.165532879818594 0.21387755102039196
7.188208616780045 0.1779591836734531
7.210884353741497 0.14204081632651422
7.233560090702948 0.10612244897957546
7.2562358276643995 0.07020408163263658
7.27891156462585 0.03428571428569771
7.301587301587301 -0.0016326530612410517
7.324263038548753 -0.037551020408179925
7.346938775510204 -0.07346938775511869
7.369614512471656 -0.10938775510205756
7.392290249433106 -0.14530612244899643
7.414965986394558 -0.1812244897959352
7.437641723356009 -0.21714285714287418
7.4603174603174605 -0.25306122448981294
7.482993197278912 -0.2889795918367517
7.505668934240362 -0.3248979591836907
7.528344671201814 -0.36081632653062923
7.551020408163265 -0.396734693877568
7.573696145124717 -0.43265306122450675
7.596371882086168 -0.4685714285714455
7.619047619047619 -0.504489795918384
7.64172335600907 -0.5404081632653228
7.6643990929705215 -0.5763265306122616
7.687074829931973 -0.6122448979592003
7.709750566893424 -0.6481632653061389
7.732426303854876 -0.6840816326530776
7.755102040816326 -0.7200000000000164
7.777777777777778 -0.7559183673469552
7.800453514739229 -0.7918367346938937
7.8231292517006805 -0.8277551020408325
7.845804988662132 -0.8636734693877712
7.8684807256235825 -0.89959183673471
7.891156462585034 -0.9355102040816485
7.913832199546485 -0.9714285714285873
7.936507936507937 -0.9918367346938599
7.959183673469388 -0.9519274376417058
7.981859410430839 -0.9120181405895517
8.004535147392291 -0.8721088435373976
8.02721088435374 -0.8321995464852434
8.049886621315192 -0.7922902494330893
8.072562358276643 -0.7523809523809353
8.095238095238095 -0.7124716553287811
8.117913832199546 -0.6725623582766269
8.140589569160998 -0.6326530612244728
8.16326530612245 -0.5927437641723188
8.1859410430839 -0.5528344671201646
8.208616780045352 -0.5129251700680105
8.231292517006803 -0.47301587301585635
8.253968253968255 -0.4331065759637023
8.276643990929704 -0.3931972789115479
8.299319727891156 -0.3532879818593935
8.321995464852607 -0.31337868480723907
8.344671201814059 -0.27346938775508467
8.36734693877551 -0.23356009070293027
8.390022675736962 -0.19365079365077587
8.412698412698413 -0.15374149659862146
8.435374149659864 -0.11383219954646706
8.458049886621316 -0.07392290249431266
8.480725623582767 -0.03401360544215826
8.503401360544217 0.005895691609996145
8.526077097505668 0.04580498866215055
8.54875283446712 0.08571428571430495
8.571428571428571 0.12562358276645935
8.594104308390023 0.16553287981861375
8.616780045351474 0.20544217687076816
8.639455782312925 0.24535147392292256
8.662131519274377 0.28526077097507696
8.684807256235828 0.32517006802723136
8.70748299319728 0.36507936507938576
8.73015873015873 0.40498866213154017
8.75283446712018 0.44489795918369457
8.775510204081632 0.48480725623584897
8.798185941043084 0.5247165532880034
8.820861678004535 0.5646258503401578
8.843537414965986 0.6045351473923122
8.866213151927438 0.6444444444444666
8.88888888888889 0.684353741496621
8.91156462585034 0.7242630385487754
8.934240362811792 0.7641723356009298
8.956916099773242 0.8040816326530842
8.979591836734693 0.8439909297052386
9.002267573696145 0.883900226757393
9.024943310657596 0.9238095238095474
9.047619047619047 0.9637188208617018
9.070294784580499 0.7967346938775295
9.09297052154195 0.7608163265305907
9.115646258503402 0.724897959183652
9.138321995464853 0.6889795918367132
9.160997732426305 0.6530612244897744
9.183673469387756 0.6171428571428356
9.206349206349206 0.5812244897958968
9.229024943310657 0.545306122448958
9.251700680272108 0.5093877551020193
9.27437641723356 0.4734693877550805
9.297052154195011 0.4375510204081417
9.319727891156463 0.40163265306120294
9.342403628117914 0.3657142857142642
9.365079365079366 0.3297959183673254
9.387755102040817 0.2938775510203866
9.410430839002268 0.25795918367344783
9.433106575963718 0.22204081632650907
9.45578231292517 0.1861224489795702
9.47845804988662 0.15020408163263133
9.501133786848072 0.11428571428569256
9.523809523809524 0.07836734693875369
9.546485260770975 0.04244897959181482
9.569160997732427 0.006530612244876055
9.591836734693878 -0.029387755102062818
9.61451247165533 -0.06530612244900169
9.63718820861678 -0.10122448979594045
9.65986394557823 -0.13714285714287933
9.682539682539682 -0.1730612244898181
9.705215419501133 -0.20897959183675696
9.727891156462585 -0.24489795918369572
9.750566893424036 -0.2808163265306347
9.773242630385488 -0.31673469387757347
9.795918367346939 -0.35265306122451223
9.81859410430839 -0.388571428571451
9.841269841269842 -0.42448979591838953
9.863945578231293 -0.4604081632653283
9.886621315192743 -0.49632653061226706
9.909297052154194 -0.5322448979592058
9.931972789115646 -0.5681632653061444
9.954648526077097 -0.6040816326530831
9.977324263038549 -0.6400000000000219
