0.0 0.9600907029478458
0.022675736961451247 0.9201814058956916
0.045351473922902494 0.8802721088435373
0.06802721088435375 0.8403628117913832
0.09070294784580499 0.800453514739229
0.11337868480725624 0.7605442176870748
0.1360544217687075 0.7206349206349206
0.15873015873015872 0.6807256235827663
0.18140589569160998 0.6408163265306122
0.20408163265306123 0.600907029478458
0.22675736961451248 0.5609977324263038
0.2494331065759637 0.5210884353741496
0.272108843537415 0.48117913832199544
0.2947845804988662 0.44126984126984126
0.31746031746031744 0.4013605442176871
0.3401360544217687 0.3614512471655328
0.36281179138321995 0.3215419501133786
0.3854875283446712 0.2816326530612243
0.40816326530612246 0.24172335600907002
0.4308390022675737 0.20181405895691573
0.45351473922902497 0.16190476190476155
0.47619047619047616 0.12199546485260726
0.4988662131519274 0.08208616780045297
0.5215419501133787 0.04217687074829868
0.54421768707483 0.002267573696144498
0.5668934240362812 -0.03764172335600979
0.5895691609977324 -0.07755102040816397
0.6122448979591837 -0.11746031746031838
0.6349206349206349 -0.15736961451247256
0.6575963718820862 -0.19727891156462674
0.6802721088435374 -0.23718820861678114
0.7029478458049887 -0.2770975056689353
0.7256235827664399 -0.3170068027210893
0.7482993197278912 -0.35691609977324346
0.7709750566893424 -0.39682539682539764
0.7936507936507936 -0.4367346938775516
0.8163265306122449 -0.4766439909297058
0.8390022675736961 -0.51655328798186
0.8616780045351474 -0.5564625850340141
0.8843537414965986 -0.5963718820861681
0.9070294784580499 -0.6362811791383223
0.9297052154195011 -0.6761904761904765
0.9523809523809523 -0.7160997732426306
0.9750566893424036 -0.7560090702947846
0.9977324263038548 -0.7959183673469388
1.0204081632653061 -0.835827664399093
1.0430839002267573 -0.8757369614512469
1.0657596371882085 -0.9156462585034011
1.08843537414966 -0.9555555555555553
1.1111111111111112 -0.9954648526077094
1.1337868480725624 -0.9646258503401366
1.1564625850340136 -0.9247165532879824
1.1791383219954648 -0.8848072562358283
1.2018140589569162 -0.8448979591836742
1.2244897959183674 -0.8049886621315201
1.2471655328798186 -0.7650793650793659
1.2698412698412698 -0.7251700680272118
1.2925170068027212 -0.6852607709750578
1.3151927437641724 -0.6453514739229036
1.3378684807256236 -0.6054421768707494
1.3605442176870748 -0.5655328798185953
1.383219954648526 -0.5256235827664413
1.4058956916099774 -0.4857142857142871
1.4285714285714286 -0.44580498866213303
1.4512471655328798 -0.4058956916099786
1.473922902494331 -0.3659863945578242
1.4965986394557824 -0.3260770975056698
1.5192743764172336 -0.2861678004535154
1.5419501133786848 -0.24625850340136102
1.564625850340136 -0.20634920634920662
1.5873015873015872 -0.1664399092970522
1.6099773242630386 -0.1265306122448978
1.6326530612244898 -0.08662131519274341
1.655328798185941 -0.04671201814058901
1.6780045351473922 -0.0068027210884346045
1.7006802721088434 0.03310657596371991
1.7233560090702948 0.07301587301587431
1.746031746031746 0.11292517006802871
1.7687074829931972 0.15283446712018312
1.7913832199546484 0.19274376417233752
1.8140589569160999 0.23265306122449192
1.836734693877551 0.2725623582766463
1.8594104308390023 0.3124716553288007
1.8820861678004535 0.3523809523809551
1.9047619047619047 0.39229024943310953
1.927437641723356 0.43219954648526393
1.9501133786848073 0.47210884353741833
1.9727891156462585 0.5120181405895727
1.9954648526077097 0.5519274376417271
2.018140589569161 0.5918367346938815
2.0408163265306123 0.6317460317460359
2.0634920634920637 0.6716553287981903
2.0861678004535147 0.7115646258503447
2.108843537414966 0.7514739229024991
2.131519274376417 0.7913832199546535
2.1541950113378685 0.831292517006808
2.17687074829932 0.8712018140589624
2.199546485260771 0.9111111111111168
2.2222222222222223 0.9510204081632712
2.2448979591836733 0.9909297052154256
2.2675736961451247 0.9691609977324201
2.290249433106576 0.929251700680266
2.312925170068027 0.8893424036281118
2.3356009070294785 0.8494331065759575
2.3582766439909295 0.8095238095238033
2.380952380952381 0.7696145124716491
2.4036281179138324 0.729705215419495
2.4263038548752833 0.6897959183673408
2.4489795918367347 0.6498866213151866
2.4716553287981857 0.6099773242630324
2.494331065759637 0.5700680272108782
2.5170068027210886 0.5301587301587241
2.5396825396825395 0.49024943310656977
2.562358276643991 0.4503401360544156
2.5850340136054424 0.4104308390022614
2.6077097505668934 0.3705215419501072
2.630385487528345 0.33061224489795293
2.6530612244897958 0.29070294784579875
2.675736961451247 0.25079365079364446
2.6984126984126986 0.21088435374149017
2.7210884353741496 0.17097505668933588
2.743764172335601 0.1310657596371817
2.766439909297052 0.09115646258502741
2.7891156462585034 0.05124716553287312
2.811791383219955 0.011337868480718827
2.834467120181406 -0.028571428571435353
2.857142857142857 -0.06848072562358953
2.879818594104308 -0.10839002267574394
2.9024943310657596 -0.14829931972789812
2.925170068027211 -0.18820861678005252
2.947845804988662 -0.2281179138322067
2.9705215419501134 -0.2680272108843609
2.993197278911565 -0.30793650793651506
3.015873015873016 -0.34784580498866924
3.0385487528344672 -0.3877551020408232
3.061224489795918 -0.4276643990929774
3.0839002267573696 -0.46757369614513156
3.106575963718821 -0.5074829931972857
3.129251700680272 -0.5473922902494397
3.1519274376417235 -0.5873015873015939
3.1746031746031744 -0.627210884353748
3.197278911564626 -0.6671201814059022
3.2199546485260773 -0.7070294784580562
3.2426303854875282 -0.7469387755102104
3.2653061224489797 -0.7868480725623646
3.2879818594104306 -0.8267573696145185
3.310657596371882 -0.8666666666666727
3.3333333333333335 -0.9065759637188269
3.3560090702947845 -0.946485260770981
3.378684807256236 -0.986394557823135
3.401360544217687 -0.9736961451247108
3.4240362811791383 -0.9337868480725567
3.4467120181405897 -0.8938775510204026
3.4693877551020407 -0.8539682539682485
3.492063492063492 -0.8140589569160943
3.5147392290249435 -0.7741496598639402
3.5374149659863945 -0.7342403628117862
3.560090702947846 -0.694331065759632
3.582766439909297 -0.6544217687074778
3.6054421768707483 -0.6145124716553237
3.6281179138321997 -0.5746031746031697
3.6507936507936507 -0.5346938775510155
3.673469387755102 -0.4947845804988614
3.696145124716553 -0.45487528344670725
3.7188208616780045 -0.4149659863945532
3.741496598639456 -0.3750566893423988
3.764172335600907 -0.3351473922902444
3.7868480725623583 -0.29523809523808997
3.8095238095238093 -0.25532879818593557
3.8321995464852607 -0.21541950113378117
3.854875283446712 -0.17551020408162676
3.877551020408163 -0.13560090702947236
3.9002267573696145 -0.09569160997731796
3.922902494331066 -0.05578231292516356
3.945578231292517 -0.015873015873009155
3.9682539682539684 0.024036281179145247
3.9909297052154193 0.06394557823129965
4.01360544217687 0.10385487528345405
4.036281179138322 0.14376417233560845
4.058956916099773 0.18367346938776286
4.081632653061225 0.22358276643991726
4.104308390022676 0.26349206349207166
4.126984126984127 0.30340136054422606
4.149659863945578 0.34331065759638046
4.172335600907029 0.38321995464853487
4.195011337868481 0.42312925170068927
4.217687074829932 0.46303854875284367
4.240362811791384 0.5029478458049981
4.263038548752834 0.5428571428571525
4.285714285714286 0.5827664399093069
4.308390022675737 0.6226757369614613
4.331065759637188 0.6625850340136157
4.35374149659864 0.7024943310657701
4.37641723356009 0.7424036281179245
4.399092970521542 0.7823129251700789
4.421768707482993 0.8222222222222333
4.444444444444445 0.8621315192743877
4.467120181405896 0.9020408163265421
4.489795918367347 0.9419501133786965
4.512471655328798 0.9818594104308509
4.535147392290249 0.9782312925169947
4.557823129251701 0.9383219954648405
4.580498866213152 0.8984126984126863
4.603174603174603 0.8585034013605322
4.625850340136054 0.818594104308378
4.648526077097506 0.7786848072562237
4.671201814058957 0.7387755102040696
4.6938775510204085 0.6988662131519153
4.716553287981859 0.658956916099761
4.73922902494331 0.6190476190476069
4.761904761904762 0.5791383219954527
4.784580498866213 0.5392290249432985
4.807256235827665 0.4993197278911443
4.829931972789115 0.45941043083899014
4.852607709750567 0.41950113378683596
4.875283446712018 0.3795918367346818
4.8979591836734695 0.3396825396825275
4.920634920634921 0.2997732426303733
4.9433106575963714 0.259863945578219
4.965986394557823 0.21995464852606472
4.988662131519274 0.18004535147391043
5.011337868480726 0.14013605442175625
5.034013605442177 0.10022675736960196
5.0566893424036286 0.06031746031744767
5.079365079365079 0.02040816326529349
5.1020408163265305 -0.019501133786860914
5.124716553287982 -0.059410430839015094
5.147392290249433 -0.09931972789116927
5.170068027210885 -0.13922902494332368
5.192743764172335 -0.17913832199547786
5.215419501133787 -0.21904761904763204
5.238095238095238 -0.25895691609978644
5.26077097505669 -0.2988662131519406
5.283446712018141 -0.3387755102040946
5.3061224489795915 -0.37868480725624876
5.328798185941043 -0.41859410430840294
5.351473922902494 -0.4585034013605569
5.374149659863946 -0.4984126984127111
5.396825396825397 -0.5383219954648653
5.419501133786848 -0.5782312925170194
5.442176870748299 -0.6181405895691734
5.464852607709751 -0.6580498866213276
5.487528344671202 -0.6979591836734818
5.510204081632653 -0.7378684807256359
5.532879818594104 -0.7777777777777899
5.555555555555555 -0.8176870748299441
5.578231292517007 -0.8575963718820983
5.600907029478458 -0.8975056689342522
5.62358276643991 -0.9374149659864064
5.64625850340136 -0.9773242630385606
5.668934240362812 -0.9827664399092854
5.691609977324263 -0.9428571428571313
5.714285714285714 -0.9029478458049771
5.736961451247166 -0.863038548752823
5.759637188208616 -0.823129251700669
5.782312925170068 -0.7832199546485148
5.804988662131519 -0.7433106575963606
5.827664399092971 -0.7034013605442065
5.850340136054422 -0.6634920634920525
5.873015873015873 -0.6235827664398983
5.895691609977324 -0.5836734693877441
5.918367346938775 -0.54376417233559
5.941043083900227 -0.503854875283436
5.963718820861678 -0.4639455782312818
5.98639455782313 -0.4240362811791277
6.00907029478458 -0.3841269841269733
6.031746031746032 -0.3442176870748189
6.054421768707483 -0.3043083900226645
6.0770975056689345 -0.2643990929705101
6.099773242630386 -0.22448979591835572
6.122448979591836 -0.18458049886620131
6.145124716553288 -0.1446712018140469
6.167800453514739 -0.10476190476189251
6.190476190476191 -0.06485260770973811
6.213151927437642 -0.024943310657583706
6.235827664399093 0.014965986394570807
6.258503401360544 0.05487528344672521
6.2811791383219955 0.09478458049887961
6.303854875283447 0.134693877551034
6.326530612244898 0.17460317460318842
6.349206349206349 0.21451247165534282
6.3718820861678 0.2544217687074972
6.394557823129252 0.2943310657596516
6.417233560090703 0.334240362811806
6.4399092970521545 0.3741496598639604
6.462585034013605 0.41405895691611483
6.4852607709750565 0.45396825396826923
6.507936507936508 0.49387755102042363
6.530612244897959 0.533786848072578
6.553287981859411 0.5736961451247324
6.575963718820861 0.6136054421768868
6.598639455782313 0.6535147392290412
6.621315192743764 0.6934240362811956
6.6439909297052155 0.73333333333335
6.666666666666667 0.7732426303855044
6.6893424036281175 0.8131519274376589
6.712018140589569 0.8530612244898133
6.73469387755102 0.8929705215419677
6.757369614512472 0.9328798185941221
6.780045351473923 0.9727891156462765
6.802721088435374 0.9873015873015693
6.825396825396825 0.9473922902494151
6.8480725623582765 0.9074829931972609
6.870748299319728 0.8675736961451066
6.893424036281179 0.8276643990929524
6.916099773242631 0.7877551020407982
6.938775510204081 0.7478458049886441
6.961451247165533 0.7079365079364899
6.984126984126984 0.6680272108843357
7.006802721088436 0.6281179138321815
7.029478458049887 0.5882086167800273
7.052154195011338 0.5482993197278732
7.074829931972789 0.508390022675719
7.09750566893424 0.4684807256235647
7.120181405895692 0.4285714285714105
7.142857142857143 0.3886621315192563
7.165532879818594 0.34875283446710204
7.188208616780045 0.30884353741494786
7.210884353741497 0.26893424036279356
7.233560090702948 0.22902494331063927
7.2562358276643995 0.1891156462584851
7.27891156462585 0.1492063492063308
7.301587301587301 0.10929705215417651
7.324263038548753 0.06938775510202222
7.346938775510204 0.02947845804986804
7.369614512471656 -0.010430839002286252
7.392290249433106 -0.05034013605444043
7.414965986394558 -0.09024943310659483
7.437641723356009 -0.13015873015874901
7.4603174603174605 -0.17006802721090342
7.482993197278912 -0.2099773242630576
7.505668934240362 -0.24988662131521178
7.528344671201814 -0.28979591836736596
7.551020408163265 -0.32970521541952014
7.573696145124717 -0.3696145124716741
7.596371882086168 -0.4095238095238283
7.619047619047619 -0.44943310657598246
7.64172335600907 -0.48934240362813664
7.6643990929705215 -0.5292517006802906
7.687074829931973 -0.5691609977324448
7.709750566893424 -0.609070294784599
7.732426303854876 -0.6489795918367531
7.755102040816326 -0.6888888888889071
7.777777777777778 -0.7287981859410613
7.800453514739229 -0.7687074829932155
7.8231292517006805 -0.8086167800453694
7.845804988662132 -0.8485260770975236
7.8684807256235825 -0.8884353741496778
7.891156462585034 -0.928344671201832
7.913832199546485 -0.9682539682539859
7.936507936507937 -0.9918367346938599
7.959183673469388 -0.9519274376417058
7.981859410430839 -0.9120181405895517
8.004535147392291 -0.8721088435373976
8.02721088435374 -0.8321995464852434
8.049886621315192 -0.7922902494330893
8.072562358276643 -0.7523809523809353
8.095238095238095 -0.7124716553287811
8.117913832199546 -0.6725623582766269
8.140589569160998 -0.6326530612244728
8.16326530612245 -0.5927437641723188
8.1859410430839 -0.5528344671201646
8.208616780045352 -0.5129251700680105
8.231292517006803 -0.47301587301585635
8.253968253968255 -0.4331065759637023
8.276643990929704 -0.3931972789115479
8.299319727891156 -0.3532879818593935
8.321995464852607 -0.31337868480723907
8.344671201814059 -0.27346938775508467
8.36734693877551 -0.23356009070293027
8.390022675736962 -0.19365079365077587
8.412698412698413 -0.15374149659862146
8.435374149659864 -0.11383219954646706
8.458049886621316 -0.07392290249431266
8.480725623582767 -0.03401360544215826
8.503401360544217 0.005895691609996145
8.526077097505668 0.04580498866215055
8.54875283446712 0.08571428571430495
8.571428571428571 0.12562358276645935
8.594104308390023 0.16553287981861375
8.616780045351474 0.20544217687076816
8.639455782312925 0.24535147392292256
8.662131519274377 0.28526077097507696
8.684807256235828 0.32517006802723136
8.70748299319728 0.36507936507938576
8.73015873015873 0.40498866213154017
8.75283446712018 0.44489795918369457
8.775510204081632 0.48480725623584897
8.798185941043084 0.5247165532880034
8.820861678004535 0.5646258503401578
8.843537414965986 0.6045351473923122
8.866213151927438 0.6444444444444666
8.88888888888889 0.684353741496621
8.91156462585034 0.7242630385487754
8.934240362811792 0.7641723356009298
8.956916099773242 0.8040816326530842
8.979591836734693 0.8439909297052386
9.002267573696145 0.883900226757393
9.024943310657596 0.9238095238095474
9.047619047619047 0.9637188208617018
9.070294784580499 0.9963718820861438
9.09297052154195 0.9564625850339896
9.115646258503402 0.9165532879818354
9.138321995464853 0.8766439909296813
9.160997732426305 0.8367346938775271
9.183673469387756 0.7968253968253729
9.206349206349206 0.7569160997732186
9.229024943310657 0.7170068027210645
9.251700680272108 0.6770975056689102
9.27437641723356 0.6371882086167561
9.297052154195011 0.5972789115646018
9.319727891156463 0.5573696145124476
9.342403628117914 0.5174603174602934
9.365079365079366 0.47755102040813924
9.387755102040817 0.43764172335598506
9.410430839002268 0.3977324263038309
9.433106575963718 0.3578231292516766
9.45578231292517 0.3179138321995224
9.47845804988662 0.2780045351473681
9.501133786848072 0.23809523809521382
9.523809523809524 0.19818594104305964
9.546485260770975 0.15827664399090535
9.569160997732427 0.11836734693875106
9.591836734693878 0.07845804988659677
9.61451247165533 0.03854875283444259
9.63718820861678 -0.0013605442177118121
9.65986394557823 -0.04126984126986599
9.682539682539682 -0.08117913832202017
9.705215419501133 -0.12108843537417457
9.727891156462585 -0.16099773242632875
9.750566893424036 -0.20090702947848293
9.773242630385488 -0.24081632653063734
9.795918367346939 -0.2807256235827913
9.81859410430839 -0.3206349206349455
9.841269841269842 -0.36054421768709966
9.863945578231293 -0.40045351473925384
9.886621315192743 -0.4403628117914078
9.909297052154194 -0.480272108843562
9.931972789115646 -0.5201814058957162
9.954648526077097 -0.5600907029478703
9.977324263038549 -0.6000000000000243
